1.166830570032501013e+00 3.608981078417773158e+00 4.417625900422575747e+00 4.106217668749915006e+00
1.168781408625327867e+00 3.610104099714503079e+00 4.646721514574649881e+00 4.332911838899804025e+00
1.158501385339181677e+00 3.598836590368454491e+00 4.641642512253549846e+00 4.327473928895185118e+00
1.155182426545229513e+00 3.598434137875543115e+00 4.382594143757040150e+00 4.061687324173656854e+00
1.152240305310284985e+00 3.594461287062045596e+00 4.103227302278947164e+00 3.799149835863690150e+00
1.151153974495872312e+00 3.593936597052528104e+00 4.104954390478422255e+00 3.801284792338618601e+00
1.154928826473086145e+00 3.595777839652441799e+00 4.404971797857093918e+00 4.104956168014466833e+00
1.168843975872882579e+00 3.609633949463064706e+00 4.603664862030099947e+00 4.290398405572533491e+00
1.168263253659170609e+00 3.609838875408084569e+00 4.498727667869693470e+00 4.182580723513895649e+00
1.163744602428546049e+00 3.606464863476491534e+00 4.051891756979476789e+00 3.744705511840988876e+00
1.158226793588769787e+00 3.601186904825830037e+00 3.706305183715585372e+00 3.399999999999999911e+00
1.191030605522872321e+00 3.636206819986096406e+00 3.796945086415494774e+00 3.490178731175855198e+00
1.191409806408701755e+00 3.627912066122827461e+00 4.925079293157838656e+00 4.630706333707933275e+00
1.189374507772226641e+00 3.629054596590126192e+00 4.866121643882365788e+00 4.545521951018496765e+00
1.181823847405940375e+00 3.623885584237568125e+00 4.080537979519894165e+00 3.787519543728624871e+00
1.188104943427958915e+00 3.628192261387800599e+00 4.734134915099812879e+00 4.425061548362705821e+00
1.189093196114443751e+00 3.628308660751344394e+00 4.694223928665613776e+00 4.384720977234015216e+00
1.182787231759418800e+00 3.627340123561610064e+00 4.023186746681263415e+00 3.697562385530485773e+00
1.182553956984563781e+00 3.625044933976364181e+00 3.103158497026279328e+00 2.807973049352110007e+00
1.166256140938718655e+00 3.612538665605630861e+00 2.966750307989915569e+00 2.678017002962564952e+00
1.188212658703571956e+00 3.616822315641991636e+00 5.158996481724012817e+00 4.843771604619011129e+00
1.191899408637854485e+00 3.623655188820138928e+00 5.247375258498267137e+00 4.960406207773790044e+00
